k_ero: 0.2764506604263795
k_dep: 88.11428991662648
theta: 60.0
d50: 0.03
h_fp: 2.7667
runtime: 158803200
timestep: 100
