k_ero: 0.2137499649894065
k_dep: 62.926605905611765
theta: 60.0
d50: 0.03
h_fp: 2.7667
runtime: 158803200
timestep: 100
