n_runs: 15
k_ero: 1.0
k_dep: 10.0
Q: 150
Qs_in: 0.001
theta: 60.0
d50: 0.06
h_fp: 10.5645631326687
initial_slope: 0.0055645631326687005
initial_width: 51.0381147090465
reach_length: 1000
runtime: 200000000000
timestep: 1000
