n_runs: 100
Q: 150
Qs_in: 0.001
theta: 60.0
z0: 1.0
d50: 0.06
h_fp: 10.5645631326687
initial_slope: 0.0055645631326687005
initial_width: 51.0381147090465
reach_length: 1000
runtime: 200000000000
timestep: 1000
