k_ero: 0.080968027547611
k_dep: 73.38810769589239
theta: 60.0
d50: 0.03
h_fp: 6.14058
runtime: 158716800.0
timestep: 100
