k_ero: 0.2223840108737259
k_dep: 95.94991855543896
theta: 60.0
d50: 0.03
h_fp: 6.14058
runtime: 158716800.0
timestep: 100
