n_runs: 15
k_ero: 1.0
k_dep: 10.0
Q: 150
Qs_in: 0.001
theta: 60.0
d50: 0.06
h_fp: 10.762567654992392
initial_slope: 0.005762567654992392
initial_width: 49.30551173725688
reach_length: 1000
runtime: 200000000000
timestep: 1000
