k_ero: 0.2095371145666961
k_dep: 21.424350773113176
theta: 60.0
d50: 0.03
h_fp: 6.14058
runtime: 158716800.0
timestep: 100
