k_ero: 0.0950594415091118
k_dep: 74.22004085099783
theta: 60.0
d50: 0.03
h_fp: 6.14058
runtime: 158716800.0
timestep: 100
