k_ero: 0.2227176342758118
k_dep: 73.6387611203192
theta: 60.0
d50: 0.03
h_fp: 6.14058
runtime: 158716800.0
timestep: 100
