k_ero: 0.1183203643187917
k_dep: 59.78897850402139
theta: 60.0
d50: 0.03
h_fp: 6.14058
runtime: 158716800.0
timestep: 100
