k_ero: 0.1021063322076814
k_dep: 102.83974243795228
theta: 60.0
d50: 0.03
h_fp: 6.14058
runtime: 158716800.0
timestep: 100
